Field1, Field2
1,"Test 1"
2,"Test 2"
3,"Test 3"
